-0.23876920554499864 1.3103797270601687 0.13001260700009193
-0.27582915374543276 1.2582563331865875 0.12364597630502337
-0.2674888336016338 1.3474373225751202 0.15912747459742976
-0.3128662756980407 1.222713216834852 0.14623565543301947
-0.3018967864385568 1.3832552573955716 0.1992584345763206
-0.3291084911674431 1.4015778151496097 0.23515159787549716
-0.3393653203892503 1.1606446817887044 0.25033862660881895
-0.32933702685159627 1.3872894114706185 0.30297184764306634
-0.34413945029647036 1.1847846590886826 0.3161902839586921
-0.32731404147036136 1.3472171185436952 0.33599708012099205
-0.31993727304296354 1.2010232341929186 0.3533614819463716
-0.30726711945847285 1.2956437760677335 0.3643485926629952
-0.2877856463729185 1.2493470906219926 0.38230872912669633
-0.21034318989786122 1.3531672444828033 0.1537169917653439
-0.21145627080982005 1.3818523867813413 0.35175494063536605
-0.2338628137428242 1.3442372246769223 0.37948021085512573
-0.25614030179208813 1.2952633550210815 0.3911502328871025
-0.596105380500693 -0.6768462432797441 -0.9120215121805894
-0.10001338605742703 -0.9910441617396678 -0.7028175040329147
-0.16086384627984987 -1.127277664194341 -0.7434844726798386
-0.008083895898474806 -1.0921252683249256 -0.5243409146431066
-0.07976516143635025 -1.276866970105867 -0.5252506365091272
-0.020060506382965703 -1.2334385749192633 -0.301325040448603
-0.07990779791476262 -1.3509036976740292 -0.341070036161337
-0.10169053410627815 -1.2068870189299477 -0.04876722079973187
-0.1519817903091755 -1.365510665871866 -0.15692439889429793
-0.2601279041091756 -1.1885795093023326 0.10988970110975217
-0.31729579292888604 -1.321268264156361 0.059441628673455316
-0.848568870055825 -0.9383248633714683 0.23982837834317694
-0.2841115740583825 -1.2078773490579697 -0.8036506322954367
-0.22231836409372388 -1.3705711792653117 -0.6258835168322516
-0.19808583052036852 -1.4522159317791117 -0.3886956275749503
-0.31271194883273773 -1.4812229673897357 -0.1662599441498861
-0.4468655428183257 -1.4081208865117936 0.030309816870830293
-0.3988207279452833 -0.9783603900495396 -0.8833077012801736
-0.4261847167822431 -1.2538563022802836 -0.832657802483938
-0.38091428944031497 -1.4323612424714172 -0.6713096485927353
-0.34392672880812863 -1.5296402016703727 -0.4359666117195356
-0.47121275738702567 -1.5427481346322585 -0.212699971365956
-0.5840335467653923 -1.4499471972736035 -0.01688965681846319
-0.5965324664537639 -1.2310376567603918 0.15439728723762638
-0.603970626930515 -0.9730496272867387 -0.9442929048887062
-0.6584407430024051 -1.2331761333320834 -0.8746205623410716
-0.709409821847784 -1.4659429722203778 -0.7154020228441985
-0.6644813362834862 -1.5771682475681057 -0.51042113309235
-0.7894059105187994 -1.5638233094298595 -0.3088200440614581
-0.8162833445262949 -1.4310813233699453 -0.05752847701987319
-0.8117676576018125 -1.234439602574674 0.13414076435148883
-0.25834762010828993 -0.6951673252373165 -0.7923673206368221
-0.06248973045542924 -0.7665910821077954 -0.6540399700991502
0.07611239708492351 -0.9156476836861951 -0.20536770047473785
-0.031081271477573048 -0.8994758181564453 0.04312489218518984
-0.2509457867081838 -0.9602191023294494 0.1949888000417654
-0.5314775775236663 -0.9170871483914047 0.27604867586122167
-0.698201286366758 -0.8975001213210745 -0.9599982435061234
-0.8293665978692493 -1.11509528462743 -0.9146490325020323
-0.9619048200796854 -1.343162090335404 -0.7880316555337348
-1.0472124286277014 -1.4730438773829664 -0.5605464015223269
-1.060765551847539 -1.4641134058825243 -0.2855663528073091
-1.0004246660561544 -1.3283874042894974 -0.03361413042981279
-0.9104906458141931 -1.1662066485845088 0.1470252534214227
-0.9586855869711515 -0.6710831333901544 -0.9367557030770179
-1.2445793305522892 -0.817542042890274 -0.8973407152418248
-1.2659871743768685 -0.6801247466768301 -0.8490486738261083
-1.4417357951365137 -0.892844113645334 -0.7517043712681761
-1.476802737695221 -0.7360019859679737 -0.6685856347091148
-1.5639841715332439 -0.9191614582919794 -0.5287575689432107
-1.5681656901876435 -0.7927271011174322 -0.4991311239237613
-1.5326259636093063 -1.0039824068887115 -0.28969248502613
-1.5489494701267934 -0.8242411750516833 -0.3018251138498018
-1.407890071989428 -1.018040171212245 -0.06605615148067337
-1.4223317944946532 -0.8723090313725681 -0.05316658252587531
-1.1652203387672957 -0.9337169196632413 0.1334184078263284
-1.1255438855619244 -0.45287889159761474 -0.7915489789158711
-1.3279205175383988 -0.42378587112767446 -0.6057450114372587
-1.453237253290355 -0.5055549645946847 -0.40734951169873873
-1.4148957872068073 -0.5304237767693063 -0.16308494761654216
-1.289436358384456 -0.6584542134820716 0.049305709577394455
-0.8874951265560681 -0.8248028576559522 -0.9565338521560323
-1.1657720297488638 -0.9232322177159897 -0.9113461515493453
-1.3737606650637482 -1.05988953884744 -0.7658589961519274
-1.5010039128600727 -1.0931510893936602 -0.5582767873636508
-1.4601034487302784 -1.1654443984569987 -0.3270400944072667
-1.3300721765655639 -1.126145329626444 -0.07288783559541256
-1.094027683771837 -1.084366608811451 0.10682087754556222
-1.0875937948798378 -1.0722876078076398 -0.8950930575225976
-1.2487802398372811 -1.199621201720314 -0.770810356893762
-1.3871797127872325 -1.2453352818416719 -0.5725538075637561
-1.3336683013633743 -1.303381182432141 -0.33953009810380114
-1.2386603306792545 -1.2586899629846382 -0.12341526133552151
-0.847389582770811 -0.478492980249323 -0.871016832402294
-1.0629050406633582 -0.33601400374427853 -0.7258100434517166
-1.2190735055805353 -0.29624060404360103 -0.5635619964306117
-1.3517105212108151 -0.3476974272688013 -0.3492936473235696
-1.3091051787212946 -0.40781276676789235 -0.10339425594585269
-1.2168089660357586 -0.5274920225978963 0.06741335477163105
-1.0511503152740245 -0.7416804143259951 0.2049141271815988
-0.6820493320101108 -0.4073454070130155 -0.8362462682349809
-0.8480346738093036 -0.22394454471293013 -0.6859356370420204
-0.9382037144425833 -0.08920601913082365 -0.4560668167387506
-1.0896315173661946 -0.13537742027486113 -0.24763788309746104
-1.0177578267683933 -0.19112387317463178 7.070529650376467E-4
-1.0348062333853838 -0.41038161623017794 0.1399093358829532
-0.9396488481908281 -0.6321302849485207 0.24387425328076773
-0.09560436290090499 1.339214093370152 0.1477579579447047
-0.15273510877349308 1.2957419873888067 0.10995645328754174
-0.062050527956707575 1.3692309912304754 0.1955267069140381
-1.521773942288455E-4 1.3554620235219368 0.3227203242573578
-0.10349110756088271 1.3137976974225336 0.4178816230110331
-0.15085642703030017 1.2694959538207045 0.43225990586812474
-0.21433174824491863 1.2202115319934645 0.42359844208844455
-0.21917009134413754 1.249857125588988 0.0995416059368744
-0.28246419070242684 1.2050401515702542 0.11644643644430475
-0.3129756717999029 1.163166153030332 0.14503962345021287
-0.32664932338661334 1.1471685974256742 0.3296679490818033
-0.2751151389208091 1.178548147296377 0.38859847543695397
-0.07117824697642426 1.2833923335104869 0.10155506218543657
0.01952628579214415 1.2268383174511577 0.08762970595474523
-0.0533728492267706 1.1780899339795514 0.041486476961526436
-0.12159853328026078 1.2160393526967515 0.06191305596390384
-0.03216112253813483 1.3372853305457484 0.16511543805230214
0.0731556655610805 1.26540329490592 0.1618196085705
-0.018012120440415495 1.3646669050570877 0.22983374254345476
0.10367094281488036 1.2843407275170273 0.25238198525389427
0.13140177353855467 1.2478160316648583 0.32763802931035096
-0.056021811076326464 1.3299507664867958 0.39305267822379214
0.07522175402077194 1.2507143399891454 0.3956619662984644
-0.08281234911568472 1.2703421796138938 0.4402240123229857
0.01795293748424096 1.1977292385399962 0.4495759996401428
-0.140084567072329 1.1981313068931814 0.4549247925876616
-0.055730483438343095 1.134204503245634 0.4743453892047482
-0.195843423418774 1.1250804448063756 0.4395501060994016
-0.13648241697035543 1.0762988502857962 0.4642071929538253
-0.1320833582585817 1.118879626710536 0.03027101424435127
-0.17789451123739403 1.1419876741742214 0.052250123394135074
-0.20244412759751665 1.062628011979282 0.0508408807532532
-0.23210941728461448 1.0796495973528117 0.07190570714367979
-0.26030340316362355 1.0179148935053772 0.10527188614157675
-0.29525684897940946 0.9675080117623716 0.1792173306975986
-0.28826541284389207 0.9677050604055095 0.2798794723956473
-0.2632513574265279 0.9931303693008816 0.3514136070432927
-0.28646037093541493 1.0185581755171358 0.3282172719023405
-0.2086964110925687 1.0259454248881235 0.4189416705014296
-0.2467883757867712 1.0595447508107605 0.3933816015630798
0.17872313693801953 1.025246834722123 0.04349401870518004
0.06748632295477272 1.0328368970330073 -0.0012005056093327012
0.2561423061057405 1.0136281055295011 0.10835507124081907
0.300950261734067 0.9431608110206416 0.28643187767591677
0.18936841832020435 0.9319869673270735 0.44817741477373196
0.09325438236168647 0.9204810011470623 0.4786885904815903
-0.026875929876898914 0.9171992918687374 0.4788032161574475
-0.050991484084989845 1.030898509265369 -0.008079474184983611
-0.16209114356370188 1.0159498925407309 0.024676756222088137
-0.229159459612385 0.9354422138631637 0.36859933084343927
-0.1391731970008425 0.9234519262530181 0.44119603386135564
0.17861510065239114 0.9029942588889944 -0.005193118717157615
0.20885071989207965 0.5755957905566027 -0.07667087792795438
0.07966628487324764 0.8444141445957631 -0.05571698567292751
0.10836530729913466 0.5997704001367645 -0.10999773301638337
0.267798986856911 0.9395661466021183 0.07867890346497927
0.2937291293341934 0.962459454773473 0.17552656684668122
0.3397881281649465 0.4568368997780585 0.1767550046536417
0.25272039926472245 0.9123418286838364 0.3839045766826548
0.1960131812497361 0.8515960540706153 0.4438518114132365
0.08617665401052353 0.7897714182096348 0.4648540365288201
0.11695626676834338 0.46301165363215435 0.39082411170929
-0.018812474436488397 0.7237549378258146 0.44527487016595946
0.009515024453930019 0.47867577559453145 0.3928715296525722
-0.012905137512460198 0.6217365064396034 -0.10774026933953917
-0.020542415672755155 0.7766143499424125 -0.07025333721081264
-0.11420333688264363 0.6301372081172665 -0.072320114787061
-0.12027343756275882 0.7162053532704167 -0.04479408000218762
-0.19469603733957327 0.6638012353563264 0.0019509816624666348
-0.24865269735816442 0.5979937949414752 0.09451062907589113
-0.23773508294912143 0.6112776440191625 0.21892825264540403
-0.18634370550533172 0.5413926271476547 0.2949493622643064
-0.1895051304036615 0.6312093666452024 0.3081881168248471
-0.10427297470446559 0.5097569398714669 0.35705778790619097
-0.11098916529176285 0.6655311694160618 0.39159830628358067
0.1876342069811111 0.5033061437989215 -0.10483268880194742
0.09809358624263935 0.17576055344835947 -0.22660111284413842
9.980600042878598E-4 0.2776940657404102 -0.23833721224985494
0.06202604473373216 0.5143367290533036 -0.14430238389579206
0.2601771625596767 0.5132495618693441 -0.0419826119632792
0.2267034323045877 -0.07934967297543495 0.02556359016082569
0.18248639872254088 0.4180673661872462 0.35325990274594876
0.09338059505857496 0.38783248945634874 0.3746744992397327
-0.005211606777756715 0.04917999260227923 0.2990491470058861
-0.03849106672839849 0.39120902770935095 0.367016939925659
-0.10848056289935136 0.1435512953626317 0.31865722665290575
-0.0932417226328324 0.3598705333665368 -0.2074025730478351
-0.06719701000163651 0.5066450508624447 -0.1397429150410627
-0.1804473794799147 0.41746664230742225 -0.1415871127280521
-0.16404691441086264 0.5008696549815044 -0.09943713866384862
-0.24991610243976733 0.46142536820852903 -0.04084433768174924
-0.28761411639861034 0.44737779602280475 0.051054453447751835
-0.28675863948263974 0.416295470137208 0.14635962931629456
-0.254500590852495 0.32669003381612766 0.23531552878884276
-0.231372001824006 0.41834268077179726 0.24280756749780402
-0.19207899925896893 0.23874733244600602 0.29550374929060313
-0.15628752178315608 0.3974920744082751 0.31353339526127444
-0.018720751877417497 0.062427271517513046 -0.3423575873860938
-0.05158961781091372 -0.2563933968214236 -0.49800580550559054
-0.20088495830404476 -0.13126411196599852 -0.5453441726394352
-0.18340769457458989 0.09825169285259472 -0.3943097123183823
0.12115365957039037 0.014420223788874923 -0.24037782041932212
0.056559451013174264 -0.36062459822625886 -0.40692266576968744
0.12212578753997294 -0.6050598321387264 -0.12437295900412774
0.025258295975196174 -0.10322945063945176 0.24768994532951785
-0.06640266552744624 -0.5010310085837314 0.19723160290838115
-0.145384934862913 -0.09303562620026448 0.3026990669448157
-0.2080530513736607 -0.4402766255051616 0.27854398626511434
-0.3201688747286834 -0.069472750700044 0.3021999728028007
-0.3764229875624985 -0.3372841738879878 0.3196175137825808
-0.37103840912195013 -0.018343714126245417 -0.5181695682676257
-0.3624876398424141 0.11792333476126983 -0.3885156944272048
-0.5369907859125455 0.05987335312325521 -0.420070558870981
-0.49722492713673616 0.13410703737954682 -0.3286188877172944
-0.6294317441594179 0.11556113739693963 -0.26391312063853545
-0.74173498336992 0.08053780182128528 -0.12522747001774567
-0.6901485280221654 0.042138462724677694 0.04298647182897286
-0.6583061345706847 -0.08271666421665431 0.17909368084528765
-0.5930778951386746 0.01940614282887867 0.15083850228675535
-0.5336280893809849 -0.20845754472929892 0.2850729045500069
-0.4863419744110133 -0.033084460741767234 0.24177778209818324
-0.16421418750489497 -0.3009066302678531 -0.613469962903272
-0.19121648139938338 -0.49736348828867183 -0.7024015487555098
-0.3804429066794447 -0.3517580490090136 -0.7461890303461363
-0.36911610223035285 -0.19924428750907905 -0.6606716953472738
0.00764144937164241 -0.41591976904898176 -0.48949143091766145
-0.00703132676232705 -0.639152352439578 -0.5705632382430396
0.11082364953963271 -0.46984782407830805 -0.3169906454178008
0.07681783005303255 -0.7589168860036708 -0.4146953894835867
0.023932473668473467 -0.5670301759646578 0.09632170271937375
-0.139698107729481 -0.5845442431079642 0.224328828951515
-0.12909344686888494 -0.82452130403786 0.17197986976368612
-0.35629678802794823 -0.5164555824199508 0.3146739763415395
-0.3207143923909673 -0.7555247084101276 0.27546974969494803
-0.5751666842740498 -0.42980212239695187 0.3247894461401142
-0.5608819388605969 -0.6300128226097699 0.3256888806317336
-0.6119993988065029 -0.2039436789589 -0.7058985888062624
-0.5690995198999165 -0.12062867425850417 -0.6367858256444157
-0.7745480379862542 -0.08299685419757988 -0.5533065828441973
-0.9059965161698623 -0.27579432003345206 0.1565710587409764
-0.7733491979650087 -0.48524750438686576 0.2900036375382926
-0.7448096323038795 -0.3254807309936029 0.26563969024312495
-0.1292811121767781 0.24541226127424362 -0.27813642684707096
-0.012722182411993922 0.17872354694047157 -0.2856442543998048
-0.2428141364892664 0.29395739556129535 -0.22349063319337525
-0.3411247577494312 0.31901208295467953 -0.12724776419557868
-0.3992091957752286 0.31073037338569687 -0.0036776738917693227
-0.39029961638808786 0.25895363915674446 0.12264318016053902
-0.3311242920511251 0.18560722865550605 0.22621753264795585
-0.24091339429176825 0.1083564943253534 0.2905482642422535
-0.12951005521262673 0.03536832888417705 0.30925230551932015
0.09116388438362256 0.10905454185092361 -0.24903014897171805
0.16893286792711723 0.09534659783694158 -0.17487528542655814
0.08621995597156243 -0.006153152546389401 0.24651124997927
-0.013839682800429801 -0.01976756022956282 0.2857709647911246
-0.14224466965791016 1.3831523327333446 0.30144101500423315
-0.13605604833821014 1.393857595270661 0.2766140427570333
-0.13002715466520928 1.3934280277792825 0.2520685743777088
-0.12423922657418207 1.388769918728889 0.23066988277566788
-0.19518443866089988 1.3928509577654855 0.20378772481501994
-0.24148774025737788 1.3945399882729024 0.23016096348757714
-0.25791021093344335 1.4037411161856639 0.24787129664381718
-0.2620654518979459 1.3957442061286076 0.284527879789462
-0.20139872286954744 1.389485467634939 0.32349211851139514
-0.1488091510125688 1.3781207203872883 0.3200274224926117
-0.13158193764344558 1.4250679750579258 0.2807314628260412
-0.11595643515633988 1.4245682404098425 0.22163997660384924
-0.20627424326148192 1.4124911965266467 0.18741680061016427
-0.26445442393150115 1.400769211913228 0.22122294388061534
-0.2872685557740087 1.406883382542881 0.2444293361608223
-0.2899360821624794 1.3935839799698049 0.29084828102857163
-0.21178559249014803 1.3994915112001476 0.34039022323541024
-0.1429001429580068 1.3993976870289333 0.3353182110462305
-0.2857648326576529 1.5187468359348737 0.3082338172397895
-0.27727616014547757 1.530338168645061 0.2625549569640586
-0.3334604957630521 1.4880341091190048 0.23308840213734724
-0.36604087340725666 1.453055527215242 0.25713264595649266
-0.3828999421792846 1.4454714177478138 0.2753297576919234
-0.37751818239371726 1.4313472154601539 0.31006947817311087
-0.32631523474701046 1.4631317857783432 0.35061576401157374
-0.2807143588260308 1.4921408310497963 0.34796225284311
-0.359718447897886 1.5667423492396997 0.3249332982344497
-0.35604269069748223 1.5843518466712045 0.27844553809784006
-0.3980451782163092 1.5262919573931168 0.24430381106553892
-0.4181656377402749 1.4792909565111614 0.2664080870596363
-0.43194785784379036 1.4648905070555227 0.2846242013341748
-0.42130540631457 1.4501970581589543 0.31964088446057193
-0.3805277869148768 1.4954324349453687 0.3644531272029499
-0.34517821394105 1.5392865146237846 0.36417365388479916
-0.525253166509216 1.5797756350730938 0.3618339573500447
-0.5427781715907363 1.600035553232815 0.32113583567835097
-0.5227646170883478 1.5418236240694803 0.27390553690397157
-0.4933105257778895 1.4972331194307962 0.2843137977922944
-0.48710328833367594 1.4754098821989285 0.2977991260001166
-0.46547571828721857 1.4702527709605107 0.3292892793473014
-0.474604834039762 1.518936744884534 0.3841417968234773
-0.4907531253963674 1.570392934863122 0.3952265040148293
-0.6190130970388793 1.5696558595459142 0.38003232814495125
-0.6355019539055907 1.585899126949611 0.3462181836390502
-0.6139504237029327 1.5398059391590697 0.3053658122107581
-0.5784210799208646 1.4868135510777596 0.32414429004118506
-0.5598034658588011 1.483728452273698 0.350505735413888
-0.5714200313571158 1.5226275895992984 0.3975745784787094
-0.5892615137516267 1.5640904735931778 0.40790221218885614
-0.7207897200255293 1.5567789987446936 0.40116346301661054
-0.7290467383099924 1.5726640148199242 0.3702920060376821
-0.7270750137803762 1.525483825821082 0.33867446181335653
-0.71560668386606 1.4727027815509461 0.3595899705139178
-0.7013827394050692 1.4661328607881354 0.38307846161479897
-0.6976434083183529 1.504754391368148 0.4208247199303316
-0.6983812574358621 1.5446905536547915 0.42637673695906997
-0.9070526524958897 1.4960808856355494 0.4172580276830761
-0.8863039803791803 1.474513559264521 0.3901551190206042
-0.8554404727488869 1.4489886081267185 0.39960983011290785
-0.8436098200111913 1.4494922096871927 0.415802278250204
-0.875124048994981 1.4891447909953186 0.4545401079578815
-0.9884730850864034 1.4369108601544263 0.4354713488045925
-1.0097509656761623 1.402303016901423 0.41539549299271056
-1.0261663143967716 1.3653907886614334 0.43778258638601936
-1.0193881127383304 1.3571557442500386 0.4576102108491951
-0.9801045292318034 1.4108781558731749 0.4839256718868889
-1.0646015617123321 1.3754696203441494 0.4676547749135673
