-4.75738 8.49991 8.28592
-4.55816 11.4788 7.74909
-4.37277 13.9925 6.2828
-5.70826 13.6563 6.26488
-4.22943 15.6584 4.11027
-4.14648 15.5999 -0.973337
-5.89138 15.1606 -0.996753
-4.2195 13.8844 -3.11048
-5.55499 13.5482 -3.12841
-4.3579 11.3375 -4.52382
-4.54062 8.34704 -4.99819
-6.35434 10.256 7.73386
-7.69167 11.733 6.25465
-8.56579 12.7062 4.07349
-8.84361 13.0274 1.52244
-8.48283 12.6477 -1.01012
-7.5384 11.6249 -3.13864
-6.15408 10.1147 -4.53906
-8.97552 6.43001 6.29472
-8.77853 5.01807 6.31419
-10.2432 5.77752 4.12585
-9.98584 3.93274 4.15128
-10.6592 5.52786 1.57912
-10.3807 3.53107 1.60664
-10.1603 5.71902 -0.957758
-9.90289 3.87424 -0.932328
-8.82225 6.32192 -3.09856
-8.62526 4.90998 -3.0791
-6.38315 6.06753 7.78159
-7.74491 3.99382 6.34284
-8.63535 2.59448 4.18872
-8.9189 2.08256 1.64716
-8.5524 2.53598 -0.894892
-7.59164 3.88572 -3.05044
-6.18289 5.92629 -4.49133
-4.94011 5.5094 7.81156
-5.07851 2.96254 6.39822
-5.15153 1.24705 4.26107
-5.14804 0.624109 1.72548
-5.06858 1.18855 -0.82254
-4.92524 2.85444 -2.99507
-4.73985 5.36817 -4.46136
-7.0706 8.92177 7.73752
-9.01515 9.26777 6.26142
-10.295 9.48523 4.08234
-10.7153 9.54105 1.53202
-10.212 9.42673 -1.00127
-8.86188 9.15967 -3.13186
-6.87034 8.78053 -4.53539
3.06689 7.44818 8.1781
4.41256 5.15163 7.73953
5.52882 6.07891 7.74708
5.56925 3.1935 6.39422
7.63182 4.9069 6.40816
6.36086 1.87191 4.34698
9.05574 4.11057 4.36519
6.66688 1.38805 1.90947
9.5838 3.81116 1.92918
6.44072 1.81559 -0.547205
9.1356 4.05425 -0.528994
5.71681 3.08944 -2.64905
7.77938 4.80283 -2.63511
4.60536 5.01566 -4.07607
5.72161 5.94294 -4.06852
3.27557 7.30101 -4.61102
5.50737 7.6147 7.72905
7.59219 7.74466 6.37486
9.00396 7.81828 4.32167
9.52775 7.82435 1.88209
9.08382 7.76196 -0.572506
7.73975 7.64059 -2.66841
5.70017 7.47873 -4.08655
4.24481 2.57376 6.37974
4.6304 1.06218 4.32806
4.79385 0.511608 1.889
4.71026 1.00586 -0.566123
4.39237 2.4697 -2.66353
1.56309 2.21691 -2.70678
2.35738 4.54345 -4.10731
5.3624 8.37733 7.71791
7.32433 9.15382 6.35427
8.65399 9.65944 4.29478
9.14894 9.81721 1.85297
8.73385 9.60312 -0.599405
7.47189 9.04975 -2.689
5.5552 8.24136 -4.09769
5.02716 9.09409 7.70419
6.70488 10.4782 6.32892
7.84464 11.3899 4.26166
8.27291 11.6902 1.81712
7.9245 11.3335 -0.632524
6.85244 10.3742 -2.71435
5.21996 8.95812 -4.11141
3.98509 10.2057 7.67439
4.77938 12.5323 6.27386
5.32885 14.0736 4.18972
5.4087 14.0173 -0.704459
4.92694 12.4282 -2.7694
4.17788 10.0698 -4.1412
1.43857 11.2904 7.99724
1.22297 8.23418 8.54689
1.63826 13.8694 6.49567
1.79161 15.5785 4.27079
1.87656 15.5186 -0.935478
1.79523 13.7587 -3.12426
1.64367 11.1457 -4.57181
1.44496 8.07762 -5.05775
1.22935 5.02143 -4.5081
0.109369 11.5173 8.08861
0.260966 8.39879 8.6545
-0.044623 16.484 1.62624
0.318235 11.37 -4.71169
0.48704 8.23935 -5.20045
0.717506 0.806139 4.47118
0.749946 2.4892 -3.10016
-1.13035 11.5006 8.13536
-1.74668 8.37122 8.69435
-3.79653 8.23863 8.48928
-0.590454 14.1412 6.59582
-0.209199 15.8912 4.31012
-0.121782 15.8295 -1.04724
-0.428928 14.0273 -3.30329
-0.919302 11.3517 -4.79846
-1.51825 8.21012 -5.30511
-3.57375 8.08151 -5.16403
-3.14315 0.751817 4.43647
-2.67448 2.44013 -3.20659
-3.40434 5.00201 -4.60597
-2.13458 5.08079 -4.74612
3.10607 0.36081 1.86319
2.01025 0.665233 3.46159
0.728609 0.709777 4.08052
-1.27911 0.713773 4.19302
-2.4527 0.646962 3.97884
-3.16426 0.572725 3.70493
-4.45952 0.631882 2.51377
-4.85509 0.544053 1.73118
-4.94168 0.630623 1.46448
-4.99502 1.0372 -0.246242
-4.73528 1.10603 -0.838825
-3.67731 1.85411 -2.13205
-2.77592 1.97451 -2.59843
-2.0077 2.11522 -2.7512
-0.284175 2.16168 -2.72592
0.760976 2.13345 -2.63729
1.39634 1.8936 -2.29471
2.51344 1.25355 -1.24982
2.90047 0.885059 -0.688787
3.1935 0.488349 1.32496
3.83935 -0.805325 4.58296
2.00029 -0.824144 5.45809
-0.869574 -0.948624 5.60322
-3.55014 -1.2731 4.8905
-5.39527 -1.27405 3.1765
-1.94658 0.998399 -4.33709
2.00733 1.2043 -4.15243
2.92803 0.903234 -3.65708
9.82595 -8.19113 2.72638
7.64818 -6.93235 6.48913
4.84526 -6.13281 8.005
0.361171 -5.01059 8.4029
-3.96892 -4.26932 7.40681
-6.91388 -3.39355 4.74932
-0.949578 -1.32975 -7.55666
10.0569 -7.94343 1.47952
10.2071 -10.3571 2.79878
7.61595 -9.21649 6.92362
4.42178 -8.65619 8.55787
-0.641765 -7.93569 8.93227
-5.47279 -7.61868 7.76927
-8.7732 -6.99782 4.78869
-9.83652 -7.07128 2.81003
-4.26344 -4.15053 -8.31429
-2.2802 -4.06586 -8.73671
6.25629 -5.83678 -7.72208
10.4502 -10.0603 1.42311
10.1841 -12.4521 2.59144
7.40739 -11.5505 6.73944
-1.07517 -11.069 8.67438
-5.96691 -11.227 7.4371
-9.32223 -10.9302 4.37455
-10.364 -11.112 2.35613
-10.5818 -10.8783 1.66786
-10.6979 -9.81779 -2.75388
-10.0272 -9.66673 -4.28938
-7.22975 -7.84599 -7.64571
-4.89419 -7.63186 -8.8633
-2.89632 -7.35156 -9.26823
4.25954 -7.60605 -9.0104
5.87931 -8.29567 -8.13353
8.70924 -10.0734 -5.44796
9.67635 -11.0689 -4.00322
10.4167 -12.1307 1.19887
10.0895 -14.4941 2.32402
-1.11324 -13.1148 8.37714
-9.31946 -12.9744 4.09894
-10.3562 -13.155 2.09057
-10.5728 -12.9224 1.40573
-10.6882 -11.8671 -2.99404
-10.0209 -11.717 -4.52194
-7.23691 -9.90601 -7.8617
-4.91294 -9.69358 -9.07332
-2.92492 -9.41523 -9.4763
4.19535 -9.67042 -9.22
10.321 -14.1744 0.938357
-10.6247 -13.9039 -3.19465
-9.97391 -13.7246 -4.67838
-7.33994 -11.822 -7.91513
-5.08362 -11.4958 -9.08055
-3.16253 -11.1221 -9.46079
9.8982 -15.0515 0.769409
-10.0904 -14.7445 -3.20405
-9.4711 -14.576 -4.61638
-6.95922 -12.7741 -7.69776
-4.81125 -12.4712 -8.80781
-2.98184 -12.1221 -9.17046
-1.27805 -16.1844 6.71326
-9.54759 -15.5747 -3.18775
-8.96903 -15.4142 -4.50675
-6.62996 -13.7181 -7.38393
-4.62428 -13.424 -8.41959
-2.91689 -13.0884 -8.75724
-8.06873 -16.9821 -3.17874
-7.54861 -16.8065 -4.36302
-5.52178 -15.1527 -6.94087
-3.72828 -14.7762 -7.86041
-2.21008 -14.3786 -8.15337
-4.82157 -15.6691 -6.5723
-3.16841 -15.3106 -7.41945
-1.76986 -14.9342 -7.68865
-3.33284 -15.8714 -6.5609
-2.14617 -15.592 -6.79205
-7.06631 -17.0586 -4.24813
-5.82705 -16.7092 -5.12276
-4.75525 -16.185 -6.0021
-3.86775 -16.2455 -6.07221
-3.32466 -15.9573 -6.44984
-3.09409 -15.9621 -6.44236
-2.14977 -15.7519 -6.65138
-1.64671 -15.868 -6.56379
-0.105109 -15.9518 -6.4224
-2.2743 -17.7076 4.65422
-7.81608 -17.6062 -1.26796
-8.37523 -16.8563 -2.61072
-8.06944 -17.0008 -3.01084
-8.05699 -16.991 -3.16328
-8.05326 -16.9898 -3.17889
-7.3571 -17.0759 -3.95333
2.41752 -18.5301 -1.49186
-6.96729 -17.2164 -3.80403
-4.66643 -17.2302 -4.72548
-1.06655 -18.8826 -0.00741184
-3.13164 -16.658 -5.68162
1.96389 -18.0074 -3.31457
0.221782 -18.5558 -2.03776
-2.81702 -18.6062 -2.32675
-0.481172 -16.3361 -6.11221
-1.55786 -18.2 3.58568
0.272667 -17.8234 -4.01958
-3.08719 -17.9962 -3.91307
-1.55511 -18.6849 -1.77704
-2.40318 -18.8407 -1.07766
-2.801 -18.9854 -0.110608
-1.38095 -17.1394 -5.1761
-1.44724 -18.3031 -3.20154
2.63897 6.1351 7.95529
2.2415 6.52603 8.13076
1.16574 7.35057 8.40694
0.478433 7.47777 8.4854
-1.00641 7.51494 8.52513
-1.94848 7.31274 8.52364
-3.10822 6.81115 8.34621
-3.67003 6.14021 8.16263
-3.89517 5.22479 7.96594
-3.9036 4.7106 7.68634
-3.63053 3.16202 6.85597
-3.3914 2.65522 6.61963
-3.17161 2.36461 6.34011
-2.91497 2.09072 6.11252
-1.47501 1.49186 5.34954
-0.648239 1.47793 5.32492
0.666655 1.52282 5.35938
1.08281 1.59893 5.44738
2.24838 1.99487 5.81618
2.76341 2.44141 6.35709
3.22414 3.60691 7.03159
3.14859 4.88612 7.72196
3.01294 5.69633 7.86877
2.2052 6.28678 8.45224
1.13716 7.11992 8.69955
-1.02469 7.29639 8.80526
-1.96335 7.09926 8.80657
-3.11946 6.60007 8.6408
-3.68112 5.92959 8.47579
-3.90868 5.01401 8.30595
-3.65094 2.92811 7.26233
-3.41443 2.41592 7.04268
-2.94109 1.83742 6.55607
-1.50798 1.21309 5.81901
0.623994 1.23484 5.83492
2.19915 1.71092 6.2809
2.71211 2.16871 6.80783
3.17381 3.34599 7.4466
3.10213 4.63922 8.09611
2.97024 5.45025 8.21819
0.937956 5.77072 9.80431
0.296637 6.35098 9.68917
-1.06291 6.55265 9.6228
-1.6649 6.47094 9.63976
-2.41474 6.17872 9.63116
-2.79699 5.76825 9.69004
-2.9794 5.20426 9.82267
-2.89133 3.72071 9.77564
-2.76104 3.36026 9.7917
-2.47878 2.88352 9.68015
-1.5873 2.28244 9.47233
-0.239985 2.22783 9.55589
0.767781 2.56641 9.74771
1.10213 2.95129 9.95104
1.43493 3.78138 10.0291
1.43594 4.69886 10.0629
1.38746 5.20214 9.91659
0.220628 5.43151 10.4831
-0.211049 5.8154 10.4491
-1.11504 5.93895 10.4276
-1.51334 5.87778 10.4375
-2.00788 5.67783 10.4178
-2.25702 5.39919 10.4325
-2.37161 5.0165 10.4846
-2.29948 4.04132 10.3566
-2.01868 3.49919 10.2363
-1.42339 3.12507 10.0541
-0.528769 3.09735 10.0967
0.137774 3.31864 10.2386
0.357399 3.56286 10.3956
0.570804 4.10905 10.4988
0.563019 4.71239 10.5808
0.524973 5.05355 10.5173
-0.926686 3.93024 10.6759
6.55398 13.5239 1.76797
5.46971 14.2671 0.351879
3.79463 14.9153 -0.000997424
3.22951 15.1785 0.0496842
1.87585 15.8786 0.527197
1.45341 16.0884 1.08913
1.37622 16.2425 1.6522
1.41464 16.0988 2.24668
1.82405 15.803 3.25928
2.68577 15.3446 3.66849
4.66328 14.4889 3.68011
5.3746 14.1816 3.68242
6.63791 13.1611 2.65707
7.30438 13.9627 1.79605
6.27645 14.7225 0.267931
4.25863 15.7361 -0.209935
3.63369 16.0727 -0.15054
2.14165 16.9568 0.397597
1.67574 17.221 1.03887
1.59866 17.399 1.68087
1.63318 17.2304 2.35726
2.07967 16.8625 3.5088
3.02914 16.282 3.97204
6.00867 14.7807 3.98031
7.37626 13.5408 2.80698
7.62385 18.1897 1.89923
6.54958 18.2986 0.56169
4.60843 18.2157 0.124363
3.99531 18.2125 0.167129
2.49325 18.276 0.617373
2.02344 18.2988 1.16372
1.88356 18.4178 1.71247
1.97139 18.322 2.30047
2.44782 18.2585 3.30317
3.40124 18.2254 3.71745
6.27794 18.3265 3.76197
7.84098 17.9263 2.78283
6.90047 19.0397 1.90062
6.04837 19.1606 0.836163
4.50109 19.1527 0.488545
4.01311 19.1682 0.522843
2.81984 19.2621 0.882106
2.44685 19.2932 1.3174
2.33922 19.3909 1.75466
2.40649 19.311 2.22267
2.78407 19.2445 3.02081
3.54193 19.1892 3.35026
5.8341 19.1847 3.38473
7.06579 18.822 2.60364
6.21395 19.8874 1.91849
5.65797 19.9193 1.22765
4.65864 19.8353 1.00156
4.34246 19.8208 1.02349
3.56627 19.8228 1.25547
3.32331 19.8255 1.53735
3.29565 19.8379 2.1241
3.54242 19.8164 2.64189
4.03474 19.8199 2.85601
5.51635 19.9323 2.87953
6.3312 19.7573 2.37501
4.18157 20.3118 1.88735
-2.58306 16.091 2.65485
-2.94553 16.2995 1.58103
-3.49391 16.1588 1.13726
-4.14889 16.0292 0.77394
-5.27386 15.6877 0.522317
-5.9751 15.4942 0.443762
-7.15823 14.6199 1.386
-7.17212 14.6482 1.53106
-7.00148 14.4255 3.20758
-6.80753 14.5827 3.34219
-5.98386 15.2974 3.709
-4.49802 15.6716 3.72825
-4.21436 15.7655 3.62701
-2.59426 16.0212 2.96948
-2.34862 16.9783 2.66933
-2.82784 17.1819 1.40039
-4.22087 16.6875 0.455503
-6.29961 15.7788 0.0843872
-7.54425 14.5528 1.21206
-7.56239 14.5823 1.38533
-7.32352 14.3118 3.30397
-6.22077 15.5043 3.96742
-4.52457 16.1748 3.97168
-2.34542 16.8903 3.0429
-3.01288 18.8235 2.54077
-3.50457 19.0292 1.24491
-4.9252 18.516 0.280331
-7.04332 17.5749 -0.0978523
-8.30637 16.3142 1.05432
-8.07792 16.0681 3.19106
-6.95838 17.2929 3.86872
-5.22981 17.9884 3.87227
-3.0088 18.7334 2.92234
-3.41289 19.7473 2.38718
-3.79589 19.9859 1.21049
-5.11829 19.7359 0.323344
-7.13414 19.2235 -0.0441719
-8.46645 18.3191 0.98391
-8.33636 18.0982 2.91231
-7.16604 19.0207 3.52728
-5.52726 19.37 3.55378
-3.42932 19.6727 2.73144
-4.10458 20.8934 1.19076
-5.24744 20.6272 0.424129
-6.98002 20.1039 0.111395
-8.09716 19.2622 1.00788
-7.96684 19.069 2.6834
-6.98379 19.9143 3.21642
-5.57386 20.2822 3.23366
-3.76702 20.6306 2.51063
-5.99411 20.8336 1.53989
-6.56552 20.6337 1.15261
-7.41877 20.2657 1.00029
-7.93136 19.7663 1.46214
-7.84192 19.6675 2.31912
-7.38792 20.1538 2.59092
-6.69177 20.425 2.59293
-5.79748 20.7134 2.21285
-7.75956 20.2563 1.94475
4.48925 -0.397565 1.67891
4.57894 -0.882098 3.27228
5.27839 -2.27325 4.02403
6.62658 -4.02433 4.06797
7.87742 -5.27254 2.85548
8.22375 -5.4852 2.27964
8.57684 -5.65355 1.49826
6.9201 -0.0256538 0.20717
6.15406 0.402319 1.66312
6.16107 -0.154891 3.60397
6.7973 -1.69642 4.38487
7.77466 -3.3153 4.5424
8.07509 -3.67347 4.39685
9.26668 -5.10215 3.07468
9.94617 -5.56135 1.61311
9.41036 -0.307409 -2.05757
8.79848 0.353463 -1.14807
7.21724 0.790581 1.26676
7.07029 0.716171 1.68495
10.2365 0.0688409 -2.1062
9.50096 0.683983 -1.18244
7.74608 0.96038 1.28048
7.59074 0.867861 1.71164
9.90186 0.897039 -0.833129
8.25287 1.11061 1.43852
8.10856 1.02133 1.83734
8.29903 0.251361 4.66989
-6.36897 -2.08303 3.09681
-5.69707 -1.35701 2.56433
-5.57289 -0.658732 1.83414
-10.1489 -6.09284 -2.26788
-10.0235 -6.57983 -0.0838391
-9.95684 -6.46862 0.504061
-9.46798 -6.09282 2.09362
-9.10984 -5.67683 2.87062
-8.26308 -4.87005 3.72731
-7.45137 -3.37247 3.78015
-7.16428 -3.06783 3.67282
-6.67091 -0.662902 2.58258
-6.50936 -0.0829995 1.98202
-11.2538 -4.85307 -2.10646
-11.2033 -5.36352 0.0954123
-10.6177 -4.93125 2.17868
-10.2386 -4.55644 2.91991
-9.36367 -3.84182 3.73211
-8.48087 -2.46548 3.77105
-8.92779 -0.335116 2.33319
-8.76011 0.146913 1.81859
-8.78474 0.770169 -0.221074
-10.1688 -0.658255 -2.58451
-11.7086 -2.32491 -2.56433
-12.2362 -2.83833 -2.38518
-13.1129 -3.63074 -1.61759
-13.0839 -4.06319 0.260004
-12.5438 -3.72669 2.02999
-12.1932 -3.42937 2.65788
-11.3999 -2.87291 3.34162
-10.5661 -1.75596 3.36453
-10.9723 0.631453 2.3975
-10.8013 1.1406 1.83161
-10.8212 1.66155 0.00288689
-10.7461 1.33495 -1.13531
-11.6032 0.799209 -1.95499
-12.1555 0.351906 -2.20646
-13.6342 -1.17553 -2.18182
-14.1392 -1.64476 -2.01205
-14.9757 -2.36719 -1.28973
-14.9527 -2.77136 0.469803
-14.4345 -2.46653 2.12641
-14.0978 -2.19519 2.71349
-13.3407 -1.69077 3.35144
-12.5351 -0.662741 3.36961
-12.6167 2.19046 2.46841
-12.4681 2.59725 2.03055
-12.4837 3.12599 0.297094
-12.413 2.83047 -0.735134
-13.1867 2.34002 -1.47922
-13.6849 1.93135 -1.70776
-15.0174 0.537896 -1.68679
-15.4728 0.109514 -1.53329
-16.2279 -0.550468 -0.87897
-16.206 -0.917258 0.716651
-15.739 -0.638289 2.21944
-15.4356 -0.390463 2.75215
-14.7522 0.0710721 3.33135
-14.0274 1.00785 3.34862
-13.4888 3.11345 2.33796
-13.3071 3.42523 1.96002
-13.2698 3.86014 0.48542
-13.2826 3.59795 -0.389068
-14.0239 3.31552 -1.00019
-14.5113 3.0575 -1.18034
-15.8511 2.12023 -1.12333
-17.0215 1.41992 -0.404004
-17.0296 1.11811 0.952161
-16.562 1.27901 2.21493
-15.599 1.70969 3.13181
-14.8399 2.36841 3.12359
-13.9133 3.73789 2.07651
-13.7092 3.90976 1.77293
-13.6158 4.20632 0.624829
-13.7316 4.01734 -0.0456754
-14.3675 4.01993 -0.487899
-14.7976 3.97045 -0.606147
-15.0572 3.90165 -0.62649
-16.0229 3.67253 -0.500558
-16.4176 3.59725 -0.369986
-17.0348 3.50046 0.106818
-17.0743 3.29107 1.1601
-16.6449 3.28072 2.11708
-16.3642 3.31053 2.44668
-15.7964 3.32386 2.78544
-15.0653 3.58473 2.74197
-14.248 4.23078 1.80164
-14.0916 4.33262 1.58225
-14.012 4.53037 0.761832
-14.1192 4.40557 0.286213
-14.5735 4.4646 -0.0216396
-14.8833 4.46884 -0.100772
-15.7752 4.37124 -0.0102543
-16.0595 4.35469 0.0876166
-16.4988 4.34437 0.434824
-16.5335 4.203 1.18668
-16.2197 4.15892 1.86371
-15.6082 4.11329 2.33008
-15.0682 4.23032 2.28962
-15.9916 5.14779 1.11682
10.6535 -0.287442 -2.38225
10.5153 0.415482 -1.57533
10.3469 0.894247 -0.640308
10.1346 1.01274 0.475619
9.88308 1.10515 1.7915
9.69893 0.844946 2.71238
9.33596 0.337692 4.52825
9.08499 -1.17756 5.63304
9.03461 -2.56465 5.73982
9.51797 -4.31722 5.12965
9.9375 -5.15482 3.94526
10.1474 -5.47249 3.25563
10.489 -5.76828 1.92136
10.557 -5.79106 1.62117
10.639 -5.68674 1.13277
11.9973 -0.268931 -2.16815
11.8638 0.457681 -1.33087
11.6963 0.952322 -0.361661
11.2215 1.16887 2.15601
10.6491 0.373136 4.98643
10.3723 -1.19507 6.12547
10.3036 -2.6301 6.23188
10.782 -4.4476 5.59469
11.4173 -5.64501 3.65125
11.8355 -5.9747 1.95844
12.2301 -5.30485 -0.523642
12.2942 -4.5346 -1.52329
12.1835 -2.25059 -3.05643
12.0874 -1.80598 -2.93556
13.9572 -1.05232 -1.97531
13.8364 -0.2831 -1.08139
13.6739 0.239951 -0.0488139
13.1815 0.465805 2.62666
12.5597 -0.382192 5.62789
12.2275 -2.04677 6.82773
12.1173 -3.56872 6.93161
12.5759 -5.50606 6.24222
13.2144 -6.78088 4.16964
13.6457 -7.13071 2.36929
14.0763 -6.41394 -0.262485
14.1621 -5.5916 -1.31896
14.1008 -3.15462 -2.93161
15.2963 -2.37617 -1.27917
15.2619 -1.71736 -0.483102
15.1714 -1.27162 0.429207
14.7808 -1.0909 2.77069
14.1901 -1.83818 5.37543
13.7703 -3.28035 6.3905
13.5478 -4.59416 6.45105
13.7791 -6.29929 5.80659
14.2127 -7.41529 3.96813
14.5458 -7.71697 2.38764
14.9621 -7.07538 0.103984
15.0984 -6.34659 -0.801108
15.2385 -4.1925 -2.15696
16.2406 -3.8503 -0.47505
16.3083 -3.36177 0.172286
16.3055 -3.035 0.90512
16.0481 -2.92233 2.75786
15.5154 -3.51171 4.79124
15.0088 -4.60883 5.55006
14.6633 -5.60024 5.55943
14.6115 -6.93099 4.9953
14.7835 -7.7914 3.50789
14.9873 -8.0159 2.25058
15.3736 -7.49633 0.468936
15.5672 -6.91874 -0.221758
15.9477 -5.22139 -1.22188
16.7955 -5.47703 0.304608
16.9407 -5.19506 0.774473
17.0089 -5.01218 1.29822
16.878 -4.97963 2.59659
16.4311 -5.37348 3.99579
15.8915 -6.04891 4.48626
15.4717 -6.64709 4.4569
15.178 -7.49938 4.00698
15.1136 -8.03382 2.93119
15.1939 -8.1604 2.04281
15.5321 -7.79802 0.818895
15.764 -7.41426 0.360111
16.3306 -6.30174 -0.268282
16.8373 -6.37432 0.678351
16.9739 -6.18606 1.03742
17.0446 -6.06653 1.43575
16.9581 -6.05941 2.41707
16.5981 -6.34649 3.46837
16.1379 -6.8164 3.82907
15.7707 -7.2274 3.79816
15.4731 -7.83051 3.44345
15.3708 -8.20161 2.62121
15.4139 -8.28384 1.94764
15.6909 -8.01474 1.02891
15.8952 -7.73726 0.688791
16.4129 -6.93913 0.233048
17.0743 -7.10653 2.04129
7.34296 -13.1902 6.50867
5.91079 -12.3487 7.32778
4.08845 -11.9719 8.25934
2.32839 -12.5529 8.27078
1.85444 -13.2464 8.19529
1.13496 -14.2265 7.77354
0.856109 -15.8474 6.89498
8.70611 -15.016 6.87116
8.22512 -14.5234 7.9584
6.69016 -13.6781 9.10954
4.72019 -13.3159 10.247
2.62295 -13.7927 10.1508
2.01817 -14.4835 9.88869
1.11002 -15.3695 9.17281
0.636617 -16.8784 7.77461
0.75201 -17.4806 6.43341
9.11638 -18.3209 6.87457
9.50146 -17.5945 6.97487
9.43912 -15.9139 8.305
8.85565 -15.1436 9.24869
7.13062 -14.1264 10.1607
5.00841 -13.6458 11.2142
2.87891 -14.3975 11.2923
2.33444 -15.2377 11.2513
1.50657 -16.4485 10.8196
1.21992 -18.4396 9.89118
1.44059 -19.4406 8.73144
2.00535 -20.2057 7.86012
2.92835 -20.7018 6.553
3.51329 -20.8754 5.80802
4.90867 -20.7855 5.08494
5.32743 -20.7163 5.03796
5.72898 -20.6413 5.0824
7.11086 -20.173 5.5667
7.50689 -19.9746 5.80125
8.86898 -18.7036 6.51928
9.19698 -18.532 7.76905
9.55847 -17.8557 7.8679
9.50503 -16.2963 9.12182
8.96256 -15.5825 10.0084
7.35507 -14.6348 10.8674
5.37533 -14.188 11.8547
3.38531 -14.8844 11.9224
2.87472 -15.667 11.878
2.09849 -16.7918 11.4663
1.82533 -18.643 10.5852
2.02847 -19.5696 9.49529
2.55349 -20.2791 8.67627
3.41366 -20.7352 7.45234
3.95916 -20.8934 6.75555
5.26197 -20.8081 6.08103
5.65308 -20.7443 6.03762
6.02815 -20.6758 6.0796
7.31953 -20.2459 6.53493
7.6898 -20.0635 6.75527
8.96493 -18.8859 7.43463
9.81741 -18.6588 8.66122
10.2449 -17.9746 8.86704
10.2752 -16.5025 10.441
9.73164 -15.8465 11.4981
8.05644 -14.8763 12.5682
5.95192 -14.4375 13.7013
3.77198 -15.075 13.6806
3.17795 -15.872 13.5177
2.2792 -16.9622 12.9129
1.88027 -18.7829 11.6941
2.04709 -19.6151 10.3901
2.57207 -20.2757 9.40587
3.47268 -20.6244 8.02631
4.05126 -20.718 7.25598
5.45809 -20.5993 6.54148
5.88236 -20.5472 6.50237
6.28953 -20.5021 6.5551
7.70204 -20.1878 7.09742
8.11031 -20.0483 7.35761
8.25899 -19.9517 7.48511
9.54807 -18.9713 8.25246
9.58057 -18.9569 9.05401
9.96952 -18.3458 9.24909
10.0051 -17.042 10.6882
9.51895 -16.463 11.6502
8.01482 -15.5952 12.6287
6.12098 -15.2046 13.6564
4.15315 -15.7669 13.6292
3.61354 -16.4795 13.4713
2.79767 -17.4484 12.9111
2.42815 -19.0693 11.7871
2.57375 -19.8014 10.6003
3.04308 -20.3854 9.70385
3.8525 -20.6848 8.45562
4.37322 -20.7613 7.76005
5.64145 -20.6517 7.11759
6.02405 -20.6065 7.08297
6.3912 -20.5688 7.13102
7.66584 -20.3009 7.62376
8.03454 -20.1812 7.86008
8.16906 -20.0967 7.97629
9.3361 -19.2313 8.68132
9.16118 -17.9974 10.2502
9.19505 -17.117 11.2743
8.86106 -16.7285 11.9538
7.82098 -16.1324 12.6503
6.50661 -15.8664 13.3726
5.13411 -16.2436 13.3443
4.75392 -16.7325 13.2219
4.17977 -17.3906 12.8153
3.91152 -18.4949 12.0047
4.00758 -18.9836 11.1663
4.32987 -19.3768 10.5323
4.89056 -19.568 9.65874
5.25209 -19.6122 9.17352
6.65683 -19.4807 8.73884
7.89676 -19.1798 9.3344
8.71449 -18.5986 9.83974
6.64402 -18.7074 10.7009
-2.7598 -13.1675 7.96074
-3.4691 -12.1985 7.92087
-4.87975 -11.4074 7.68177
-5.80737 -11.289 7.468
-5.96726 -11.2781 7.42983
-6.64102 -11.1674 6.82182
-7.93342 -11.9029 5.52652
-8.47724 -13.0491 4.86764
-2.717 -16.3949 6.24832
-2.54372 -15.4002 6.82977
-2.29336 -14.0157 7.62177
-3.04888 -13.4592 9.21565
-3.76748 -12.4633 9.14836
-5.20626 -11.6499 8.8856
-6.31952 -11.5165 8.6285
-7.00931 -11.416 8.0074
-8.32452 -12.1629 6.73106
-8.91404 -13.3864 6.07149
-8.93624 -14.1109 5.64083
-3.03806 -16.8136 7.56161
-2.57962 -14.341 8.89267
-3.24346 -13.5306 10.835
-3.92455 -12.4866 10.4164
-5.40134 -11.6197 9.89744
-6.59156 -11.4632 9.63007
-7.36053 -11.5208 8.99618
-8.91596 -12.6001 8.05111
-9.69769 -14.0017 7.87677
-9.81594 -14.8817 7.72171
-10.0166 -16.5107 8.01671
-9.40699 -18.1108 7.8723
-8.24748 -19.5917 7.7336
-7.31257 -20.2074 7.80809
-5.98394 -20.4492 8.17118
-5.17774 -19.6177 9.30431
-3.64583 -17.4907 10.4527
-2.84537 -14.5801 10.8295
-3.54228 -13.4549 11.8096
-4.21392 -12.4257 11.4018
-5.66877 -11.5715 10.894
-6.84075 -11.4176 10.6306
-7.59743 -11.4723 10.0057
-9.12705 -12.5324 9.06897
-9.89496 -13.9126 8.89019
-10.0102 -14.7786 8.73328
-10.206 -16.3842 9.01595
-9.60367 -17.9583 8.86665
-8.46004 -19.4144 8.72389
-7.53877 -20.0199 8.79497
-6.23046 -20.2581 9.15224
-5.43841 -19.4437 10.2724
-3.93337 -17.3529 11.4142
-3.149 -14.4877 11.7995
-3.59656 -13.035 13.5552
-4.36284 -11.8849 13.2427
-5.97709 -10.9383 12.7791
-7.25975 -10.7756 12.4887
-8.07597 -10.774 11.7843
-9.68946 -11.8445 10.5858
-10.4734 -13.3432 10.1801
-10.5637 -14.2642 9.88523
-10.7218 -16.0524 9.96129
-10.0006 -17.717 9.59114
-8.69218 -19.2354 9.25694
-7.66306 -19.8694 9.26955
-6.2298 -20.132 9.65313
-5.41467 -19.3793 11.0011
-3.86887 -17.2202 12.5683
-3.12706 -14.1397 13.4076
-4.13339 -13.6667 13.8504
-4.83369 -12.6222 13.5908
-6.30076 -11.7635 13.187
-7.46319 -11.617 12.9233
-8.19881 -11.6037 12.284
-9.65267 -12.5564 11.167
-10.3529 -13.9095 10.7627
-10.4283 -14.7377 10.4743
-10.5611 -16.3604 10.502
-9.89648 -17.8558 10.1312
-8.70062 -19.216 9.79826
-7.76426 -19.7847 9.79869
-6.46503 -20.0229 10.145
-5.7351 -19.3669 11.386
-4.35209 -17.4374 12.8602
-3.70086 -14.6614 13.6931
-4.91278 -14.1321 14.0506
-5.49384 -13.2785 13.8794
-6.69692 -12.5784 13.578
-7.64451 -12.4606 13.3622
-8.24201 -12.4309 12.8364
-9.40828 -13.1741 11.8783
-9.96142 -14.2658 11.487
-10.0119 -14.9285 11.2164
-10.102 -16.2519 11.1689
-9.54123 -17.446 10.8074
-8.54925 -18.5259 10.486
-7.77963 -18.9785 10.468
-6.72001 -19.173 10.7481
-6.13968 -18.6841 11.791
-5.04276 -17.1614 13.0822
-4.5481 -14.9304 13.8829
-5.7059 -14.6758 13.6914
-6.12426 -14.0593 13.5622
-6.99242 -13.5534 13.3406
-7.677 -13.4681 13.1848
-8.10808 -13.449 12.8062
-8.95412 -13.9909 12.1198
-9.3562 -14.7814 11.8456
-9.39417 -15.262 11.655
-9.46181 -16.2182 11.6304
-9.05933 -17.0845 11.3773
-8.34505 -17.8689 11.1519
-7.78992 -18.1974 11.1415
-7.02448 -18.3379 11.3441
-6.60321 -17.9782 12.0934
-5.80653 -16.871 13.014
-5.44413 -15.2543 13.5757
-7.61104 -14.4841 13.0272
-2.36336 -9.27381 -9.43989
-0.857446 -7.68471 -9.2209
1.1529 -7.85642 -9.15852
1.54786 -8.2889 -9.18625
2.12935 -9.59637 -9.29436
2.26857 -10.644 -9.23577
2.25022 -11.0267 -9.2308
2.23927 -11.2545 -9.16711
1.9765 -12.0524 -8.96194
1.43696 -12.7215 -8.69051
1.1865 -13.0077 -8.58188
-1.97388 -12.1079 -9.12807
-2.01864 -11.962 -9.16984
-2.27164 -11.1064 -9.42293
-2.48343 -10.2983 -9.44414
-2.74235 -8.71723 -10.2178
-0.968673 -6.83641 -10.1894
1.39184 -7.03215 -10.0625
1.85433 -7.54125 -10.0221
2.5331 -9.08247 -9.93657
2.66783 -10.7388 -9.63833
2.6531 -10.9942 -9.52884
2.33804 -11.8909 -9.16934
1.40048 -12.9422 -8.58887
-1.06022 -13.3963 -8.47276
-1.73711 -13.0139 -8.75024
-2.30162 -11.9707 -9.40827
-2.64307 -10.8493 -9.9116
-2.888 -9.91082 -10.0649
-2.37497 -8.28297 -11.9537
-0.879504 -6.8486 -11.2672
1.11645 -7.00475 -11.3198
1.50851 -7.39556 -11.4986
2.08559 -8.5767 -12.0453
2.21133 -9.93494 -12.4593
1.95073 -10.9869 -12.5375
1.18125 -12.0158 -12.4745
-0.890045 -12.4433 -12.4849
-1.4712 -12.0608 -12.5262
-1.97157 -11.0335 -12.6041
-2.2784 -10.0029 -12.5427
-2.49131 -9.2421 -12.2912
-1.8619 -7.7257 -12.5409
-0.772848 -6.83707 -11.8227
0.669533 -6.92442 -11.9181
0.950917 -7.16305 -12.1201
1.36183 -7.88691 -12.726
1.44901 -8.76163 -13.2642
1.26168 -9.48531 -13.506
0.70872 -10.2217 -13.6372
-0.787859 -10.5319 -13.6907
-1.2095 -10.2603 -13.6413
-1.57475 -9.53026 -13.5017
-1.79785 -8.82194 -13.2669
-1.94936 -8.33646 -12.9495
-1.47495 -7.43161 -12.9047
-0.692286 -6.81428 -12.3671
0.342475 -6.87314 -12.4415
0.544019 -7.03825 -12.5939
0.837798 -7.53959 -13.05
0.899551 -8.15126 -13.4611
0.764982 -8.66332 -13.6548
0.368344 -9.18794 -13.7685
-0.705431 -9.40987 -13.812
-1.00801 -9.21685 -13.7678
-1.27019 -8.6977 -13.6459
-1.43012 -8.19674 -13.4568
-1.53834 -7.85787 -13.2149
-0.358819 -8.16598 -14.0506
-2.5032 -18.3093 3.42843
-2.72296 -17.9243 4.31298
-2.77037 -17.7981 4.52864
-3.17051 -16.9932 5.54093
-3.70045 -17.66 5.78613
-4.04795 -18.1936 5.96706
-4.35338 -18.6194 5.96883
-5.75755 -19.3271 5.65487
-3.10401 -18.9815 0.118243
-2.87316 -18.9613 0.919021
-2.43034 -18.9319 1.51088
-2.43755 -18.7311 2.16225
-2.45555 -18.6407 2.49948
-2.8819 -18.594 2.60579
-3.3477 -17.9951 4.22083
-4.73169 -18.5409 5.3324
-3.05025 -18.8868 1.32695
-4.20451 -18.5861 2.46404
0.710033 -18.6592 -1.13716
2.05913 -18.5918 -0.991563
1.1849 -18.6772 -0.388354
2.0053 -18.5954 -0.0572764
6.39237 -19.2056 4.52445
5.64925 -19.492 4.31942
5.11194 -19.7103 4.19143
4.94849 -19.6813 4.14407
4.80878 -19.6293 4.11309
2.31056 -18.5814 0.00696266
2.31729 -18.5894 -0.199142
2.43539 -18.5631 -0.843749
2.44597 -18.5293 -1.4531
2.45303 -18.5229 -1.48664
2.49745 -18.5069 -1.51347
5.1406 -18.077 0.480865
4.07834 -18.3617 0.515857
5.22713 -18.2215 2.5594
5.81359 -17.8825 0.0851822
3.00872 -18.5057 -0.0576055
3.14933 -18.3627 -1.35805
4.38525 -18.2252 -0.367964
5.92121 -18.5314 3.73028
4.34849 -18.3148 1.56501
4.91719 -19.2931 3.9138
5.37922 -18.0257 1.43056
6.05171 -17.8258 1.75273
5.97412 -17.8562 0.703995
6.69838 -17.9455 3.8116
6.21127 -17.8071 2.81881
-3.18127 -18.5547 -2.43093
-3.67717 -18.7671 -1.69418
-3.73708 -18.9004 -1.14441
-3.79848 -18.9199 -0.96519
-4.00371 -18.9244 -0.291902
-4.38725 -18.8175 1.00334
-4.56981 -18.6552 1.98117
-4.45477 -18.5806 2.4171
-4.61064 -18.5087 2.72066
-4.84134 -18.3394 3.59287
-5.04337 -18.3805 4.2763
-5.37729 -18.5271 4.81816
-6.32656 -18.9699 5.20353
-6.32757 -18.9726 5.201
-7.4415 -18.7064 5.42364
-7.80517 -17.6252 -1.22005
-7.80636 -17.6167 -1.25609
-7.78643 -17.6216 -1.28054
-7.08846 -17.7627 -2.27
-6.73389 -17.8435 -2.48148
-5.9734 -17.8601 -3.11616
-4.79512 -17.9834 -3.41273
-3.7544 -18.2241 -3.20044
-3.17943 -18.5076 -2.56594
-4.42543 -18.518 -2.23666
-6.06803 -18.5928 -0.0746953
-4.16776 -18.8596 -1.09056
-5.71127 -18.2094 -2.41264
-7.01376 -17.9698 -1.5307
-4.61365 -18.8628 -0.206156
-5.23479 -18.7167 1.11695
-7.44639 -17.9894 0.111755
-5.2859 -18.4952 2.47464
-6.35056 -18.4536 4.46211
-5.40649 -18.6302 -1.24815
-6.45558 -18.3957 1.31282
-4.07559 0.81435 -3.37321
-3.01328 0.917503 -3.98176
-2.64792 0.82237 -4.31244
-2.39854 0.502634 -4.88434
-2.43018 -0.562366 -6.31426
-1.81383 -1.28142 -7.33229
-2.7711 -2.45145 -7.83354
-3.89518 -3.07393 -7.81547
-4.38702 -3.44545 -7.83122
-5.07478 -2.52121 -6.56103
-3.59595 -0.128111 -4.91497
-3.01339 -1.61036 -7.06429
-11.9076 -3.05627 -2.44729
-11.4642 -2.59777 -2.63262
-11.3807 -2.50191 -2.66664
-10.9963 -2.45589 -2.73772
-9.54351 -1.92122 -3.00943
-9.02267 -1.69639 -3.10809
-6.46369 -1.96419 -4.76823
-5.91052 -2.75405 -6.16624
-5.69149 -3.01245 -6.68104
-5.69787 -3.48755 -7.19219
-5.7222 -3.6944 -7.32863
-5.78445 -4.13586 -7.49004
-6.33436 -5.09181 -7.45393
-7.1773 -6.32121 -7.1754
-8.30267 -6.81799 -5.85339
-9.49625 -6.19219 -3.83241
-9.72031 -5.83697 -3.05128
-9.88143 -5.50292 -2.78206
-10.2048 -5.25703 -2.54214
-11.0132 -4.37264 -2.38157
-10.3347 -3.28058 -2.84892
-8.89488 -3.64838 -3.78764
-7.39682 -5.1829 -6.51363
-7.09365 -2.91284 -5.2027
-8.5698 -5.68259 -5.16851
-6.25062 -3.7202 -6.81526
-7.74301 -4.1912 -5.61262
-8.70142 0.594052 -0.920757
-6.79699 0.703026 -0.316032
-5.87053 -0.099028 0.846976
-5.60934 -0.442833 1.28366
-5.60657 0.0888788 0.489344
-5.53102 0.293355 -0.0556779
-5.31261 0.422834 -0.443193
-5.21918 0.483345 -0.703625
-5.07961 0.530771 -1.05358
-5.02496 0.527718 -1.32527
-4.68414 0.55934 -2.41843
-4.43626 0.629863 -2.94323
-4.35969 0.506213 -3.32543
-3.97593 -0.133254 -4.57193
-4.01385 -0.263501 -4.71016
-5.49839 -1.61652 -5.14622
-7.7959 -1.95632 -3.82751
-8.28439 -1.74111 -3.39577
-8.50943 -1.55299 -3.23275
-9.24276 -1.10848 -2.90643
-9.51959 -0.734962 -2.68105
-9.94518 -0.509204 -2.52
-10.1194 0.130665 -2.12199
-9.9866 0.49603 -1.75844
-9.70319 0.877582 -1.27132
-9.08794 -0.0765847 -2.05766
-5.11385 -0.535856 -4.05713
-8.4666 -1.17976 -3.08942
-7.39512 0.204022 -1.26135
-4.87962 0.368914 -2.61413
-6.89682 -1.50643 -4.04277
-5.79997 0.354131 -0.842497
-6.80961 -0.358092 -2.51956
11.1959 -3.85244 -1.97657
11.5897 -4.46941 -1.60203
11.635 -4.7573 -1.27203
11.6143 -5.1247 -0.762655
10.7871 -5.25766 0.0620276
10.3689 -5.41321 0.683658
9.82201 -5.34246 0.995192
8.79574 -5.3899 1.07006
8.63593 -5.55682 1.00629
8.90097 -6.14035 0.232997
4.1773 0.108464 -1.12358
4.91844 -0.390622 0.436485
4.91401 -0.456217 0.794712
5.59278 -0.347554 0.546112
6.82164 -0.114435 0.152843
6.90477 -0.107049 0.092802
7.95237 -0.263191 -0.902691
6.83938 -2.92594 -6.38791
7.06427 -3.82385 -6.47767
8.75915 -6.01866 -0.508243
9.00918 -6.51361 -0.8432
9.6344 -7.67087 -1.17538
9.91865 -8.29697 -1.41246
9.9463 -8.98907 -2.42912
9.71947 -9.7746 -3.8076
9.26766 -9.31935 -4.56685
8.84103 -8.93539 -5.16779
8.30721 -7.8594 -5.61632
9.68052 -9.04919 -3.54201
9.71911 -8.32666 -2.45901
9.03965 -8.0465 -4.1884
9.05844 -6.98945 -2.35701
8.69724 -0.416741 -1.47101
8.93851 -0.484356 -1.70123
9.193 -0.537614 -1.94412
9.35822 -0.492823 -2.0412
9.4429 -0.502044 -2.0943
9.55262 -0.580751 -2.17612
9.79774 -0.816638 -2.37472
10.8493 -0.994233 -2.72748
10.9286 -1.36502 -2.82725
8.45234 -2.85819 -5.54703
7.56359 -2.82224 -6.05728
6.92526 -2.86857 -6.34005
6.91333 -2.8751 -6.34783
6.88812 -2.83535 -6.32688
9.88231 -1.31778 -2.69931
8.0728 -2.33546 -5.59427
9.13902 -1.70408 -3.72959
9.01551 -2.02018 -4.50899
9.24112 -0.891202 -2.21326
8.62813 -2.33031 -5.18904
9.10216 -1.45939 -2.86325
9.18097 -2.28716 -4.62239
9.34959 -2.23342 -4.19029
9.43874 -2.02307 -3.84721
9.52262 -1.84962 -3.43672
9.88858 -1.37055 -2.7356
9.97292 -1.37318 -2.71743
10.6578 -1.38478 -2.78418
11.4262 -2.25161 -3.07977
11.1491 -3.83057 -1.95336
11.1613 -3.85052 -1.94696
9.86232 -4.75237 0.238385
9.54842 -4.94278 0.477411
8.94152 -5.09735 0.654812
8.53747 -5.22139 0.599743
8.54208 -5.28375 0.192401
8.59503 -5.52132 -0.210122
8.63704 -5.63352 -0.625862
8.67569 -5.7476 -0.761045
8.78515 -5.91158 -1.3542
8.8186 -5.997 -1.90537
8.8466 -6.27868 -2.65807
8.79388 -6.83838 -3.55363
8.5458 -7.08197 -4.84782
8.3055 -7.20489 -5.44861
8.03506 -7.17013 -5.8263
7.58687 -7.06429 -6.31421
7.09222 -6.22165 -6.76013
6.99566 -5.90388 -6.80994
7.11769 -5.44676 -6.57199
7.22574 -4.81445 -6.39822
7.54531 -4.33099 -6.05524
8.17145 -3.53496 -5.58414
8.2829 -3.23598 -5.56374
8.47891 -3.01988 -5.48988
8.71172 -2.8384 -5.34014
8.91588 -2.58714 -4.90522
9.22905 -3.21626 -3.32277
10.4072 -1.86699 -2.8685
10.1464 -3.71109 -1.40823
8.76579 -4.34929 -3.37235
8.34496 -5.61151 -4.79166
7.54086 -6.30524 -6.22704
9.67781 -2.66327 -3.1221
8.76442 -5.78391 -1.78126
8.4693 -3.3148 -5.34054
8.21386 -6.51046 -5.31223
7.77806 -5.35658 -5.75691
8.67782 -5.71098 -3.67877
8.28761 -4.59537 -4.98945
1.93589 -3.13639 -8.07559
2.96972 -2.55539 -7.6485
6.46168 -2.94844 -6.57555
6.48287 -3.24998 -6.73225
6.65251 -3.83651 -6.81666
6.63047 -4.17491 -6.90402
6.53577 -4.92629 -7.12199
6.22202 -5.42954 -7.64814
5.94225 -5.55822 -7.88632
4.47588 -5.97224 -8.66282
3.33678 -5.05508 -8.73225
2.55473 -4.56142 -8.637
2.14119 -3.75666 -8.33357
2.93428 -3.48044 -8.15491
4.72946 -4.99415 -8.39975
4.02671 -2.4857 -7.40436
6.03496 -2.76729 -6.59791
5.79391 -4.84085 -7.7926
3.77326 -4.36602 -8.44775
3.58482 -2.80425 -7.76507
6.08131 -4.03111 -7.22385
4.94066 -4.30357 -8.12438
4.30976 -3.3525 -7.85572
-6.69873 -18.1695 2.15848
-6.65123 -18.1303 2.61053
-6.65005 -18.1919 3.74706
-6.59452 -18.248 4.31753
-6.60953 -18.2719 4.46994
-7.52774 -18.1787 5.15636
-8.2386 -17.7983 5.57224
-8.99798 -16.0422 5.7175
-9.10489 -15.5564 5.6305
-8.94158 -14.8465 5.34916
-8.85115 -14.3736 5.28458
-8.76601 -14.0843 5.16017
-9.04013 -13.5063 4.185
-9.28124 -13.461 3.89239
-10.0332 -13.8429 2.5724
-10.2986 -14.034 2.00737
-10.4451 -14.0702 1.67098
-10.5103 -14.2304 1.23307
-10.4303 -14.8195 0.335175
-10.3283 -15.0238 -0.154214
-10.0309 -15.414 -0.568392
-9.81732 -15.7004 -0.680132
-9.46997 -16.1514 -0.614495
-9.0282 -16.6431 -0.617155
-8.59994 -17.1118 -0.389686
-8.29905 -17.4767 -0.173699
-7.83682 -17.7464 0.305225
-7.64837 -17.8425 0.522578
-7.12772 -18.0109 1.51616
-7.68025 -17.739 4.84566
-8.9023 -16.2534 2.43343
-7.10701 -17.8596 3.49777
-8.83115 -14.9454 4.63058
-7.33821 -17.7338 2.37078
-8.09006 -16.8863 3.76566
-8.23971 -17.3632 0.770131
-10.0971 -15.0126 1.4035
-8.58815 -16.421 5.16807
-9.00825 -16.7204 -0.00615466
-9.57552 -14.4795 3.00892
-9.33159 -16.2984 1.06898
-9.91096 -15.6249 0.0619866
8.3814 -14.9799 6.27751
8.46067 -15.464 5.98351
8.76236 -16.8125 5.91722
8.70327 -17.2075 5.77145
8.45453 -17.6074 5.5089
8.27515 -17.6796 5.34943
7.74341 -18.0918 5.02783
7.04471 -17.7767 4.3167
6.81557 -17.816 3.82756
6.796 -17.8101 3.7521
6.78658 -17.7709 3.57246
6.50413 -17.6945 2.80191
6.61547 -17.6212 2.42455
6.55059 -17.6512 1.96829
6.8621 -17.6354 0.895469
9.67798 -15.38 0.757261
9.7305 -15.27 1.1189
9.61029 -15.0268 2.19635
9.51283 -14.6511 2.81565
8.91128 -14.6703 3.53605
8.01937 -14.2508 5.07888
8.05359 -14.5364 5.5558
8.29367 -15.2241 4.59372
8.37049 -16.2972 2.59206
8.33549 -16.8987 5.24999
7.12357 -17.4404 3.25876
8.85546 -15.2579 3.21689
7.27742 -17.307 1.73947
7.88345 -16.6415 3.88891
3.2997 -20.3881 5.53909
2.77006 -20.1195 6.00748
2.39592 -19.7411 6.15724
1.79724 -19.2007 6.60655
0.903801 -17.5652 6.32278
0.819213 -17.5132 6.3599
0.816415 -17.3996 6.34521
0.872976 -16.4585 6.16572
0.773509 -16.3777 6.13872
-0.547262 -17.0551 5.50003
-0.973561 -17.5299 4.92954
-1.05401 -17.6253 4.77218
-1.12574 -17.9811 3.99315
-1.2152 -18.0645 3.81685
-1.35549 -18.194 3.5383
-1.28091 -18.2905 3.2334
-1.65231 -18.7287 2.03541
-1.52133 -18.7724 1.73952
-0.878568 -18.7952 0.622388
-0.801691 -18.8344 0.243165
-0.266011 -18.7777 0.116888
0.487302 -18.7202 -0.0958914
1.16724 -18.6452 -0.0797194
1.797 -18.5832 0.119665
1.98215 -18.5648 0.221307
2.17779 -18.5519 0.285758
2.36027 -18.5359 0.353912
2.64294 -18.497 0.496052
3.05615 -18.4491 0.756121
3.32277 -18.4161 1.03429
3.70831 -18.378 1.44073
4.03184 -18.3639 1.75021
4.23198 -18.3538 1.87329
4.80725 -18.4013 2.6475
4.70108 -19.2392 3.8415
4.78113 -19.2989 3.9132
4.65522 -19.4986 4.06368
4.49572 -19.6828 4.27025
4.07878 -19.8736 4.63943
3.47393 -20.4479 5.41196
1.77681 -18.6705 5.9658
-0.575064 -17.5636 4.78117
0.0633911 -18.6297 0.802927
2.4431 -18.5662 3.27254
2.57915 -19.5432 5.59542
-0.585391 -18.574 1.66449
1.23958 -18.587 0.367539
2.84539 -18.4516 1.85583
0.440148 -18.1498 3.5708
3.82994 -18.6094 2.74043
3.79623 -19.2412 4.06544
2.05778 -18.5895 4.72207
-0.884839 -18.471 2.4305
2.39938 -18.4968 0.690339
1.4227 -18.4429 1.57717
-0.63572 -18.0995 3.62193
0.573386 -17.8004 4.4211
0.359991 -18.3453 2.53648
1.20802 -18.2981 3.52746
3.25102 -19.7958 5.08352
1.62741 -18.4094 2.59641
1.82982 1.1026 -4.29731
2.14285 1.08445 -4.22759
2.95076 0.877488 -3.66644
2.98549 0.855517 -3.62364
3.79793 0.319393 -2.71542
4.12368 0.282059 -1.92775
4.30384 0.0401254 -1.24999
4.56875 -0.177317 -0.761825
4.57058 -0.210269 -0.490365
4.89702 -0.312656 -0.269487
5.22304 -0.380424 0.181221
5.68299 -0.366576 0.289866
6.37003 -0.304144 0.00581551
6.71185 -0.27473 -0.0149846
7.05235 -0.330692 -0.290053
7.89141 -0.313382 -0.890815
7.93923 -0.314016 -0.920161
7.9657 -0.340564 -0.959427
8.22883 -0.450128 -1.21454
8.43247 -0.515643 -1.37359
8.61363 -0.580544 -1.54939
8.73145 -0.656186 -1.6903
8.76697 -0.720041 -1.76831
8.7721 -0.849813 -1.89958
8.75988 -1.10623 -2.26907
8.87818 -1.4298 -2.80345
8.8987 -1.47803 -2.92125
8.92778 -1.64986 -3.58093
8.85436 -1.68043 -3.74827
8.68271 -1.82822 -4.30442
8.55286 -1.90061 -4.57388
8.26347 -2.03901 -5.01986
8.01731 -2.2227 -5.49377
7.84969 -2.24671 -5.59245
7.42064 -2.56668 -5.97796
6.97867 -2.68023 -6.205
6.81232 -2.73732 -6.28186
6.75379 -2.73715 -6.29925
6.63527 -2.72835 -6.33767
6.34126 -2.72592 -6.45932
6.03572 -2.73712 -6.5759
6.01617 -2.72636 -6.57869
5.85948 -2.65841 -6.62155
4.92149 -2.58451 -7.04933
4.49181 -2.33052 -7.08995
4.09961 -2.24 -7.16576
3.52239 -2.00392 -7.02253
2.86916 -1.16863 -6.488
1.76171 0.735625 -4.68584
1.66487 1.01053 -4.4289
2.15187 0.158104 -5.18725
2.7369 -0.0569637 -5.14276
6.18456 -1.18102 -3.30694
5.51754 -0.387007 -0.138093
4.18287 -2.10341 -7.03172
2.31117 -0.186015 -5.544
2.24825 0.599224 -4.61691
2.90344 0.52885 -4.1564
3.42107 -1.02994 -6.21281
6.59803 -1.59551 -5.07391
4.43659 -0.538406 -4.23958
5.33731 -0.6382 -1.96014
7.06308 -1.19329 -1.89896
7.55481 -1.52389 -3.50817
2.74482 -0.569676 -5.86585
3.65393 -1.55781 -6.66293
7.64678 -1.90613 -5.13208
7.18798 -2.17926 -5.72268
6.47164 -2.47556 -6.22422
6.33516 -1.27943 -4.08912
4.30484 -1.22518 -6.06884
3.50179 0.238598 -3.80412
3.62937 -0.242691 -4.69546
5.39263 -0.904666 -3.71166
5.96089 -0.496581 -0.683191
4.75553 -0.22563 -1.33388
4.34791 -0.0232664 -2.25096
5.76271 -0.971029 -2.68868
8.28118 -0.886212 -1.76605
7.38063 -0.591522 -0.964355
6.30434 -0.995099 -1.77953
6.56702 -1.26224 -2.60364
8.45614 -1.47729 -3.02895
7.37405 -1.39978 -2.67078
8.17515 -1.72683 -4.25106
6.86143 -1.38757 -3.41782
7.19747 -1.53097 -4.23492
5.28917 -2.12563 -6.51375
5.4313 -1.34405 -5.44274
4.37997 -1.92762 -6.79422
4.43515 -0.779744 -5.1061
3.86242 0.132564 -3.08555
3.57339 -0.635712 -5.56185
4.83279 -0.281533 -0.577737
4.43921 -0.353131 -3.29897
5.78873 -1.18099 -4.62828
5.10968 -0.934761 -4.6543
5.05985 -0.638208 -2.77254
1.26048 -14.7571 -7.51923
1.61391 -14.1222 -8.00175
1.87284 -13.359 -8.42784
2.11706 -12.859 -8.64877
2.28411 -12.2549 -8.88643
2.32232 -12.0841 -8.94502
2.51235 -11.4023 -9.139
2.64389 -11.2484 -9.17194
2.6727 -11.0391 -9.21257
2.75291 -10.7802 -9.22671
3.10031 -10.3756 -9.23304
4.02232 -9.79451 -9.22524
4.19319 -9.74414 -9.21358
4.49815 -9.97961 -9.06529
5.90631 -9.90898 -8.27079
7.10811 -10.9218 -7.30582
8.2148 -11.3082 -6.29425
8.7225 -11.0683 -5.63808
9.23151 -11.7321 -4.93348
9.622 -12.0219 -4.1483
9.98076 -12.7315 -2.72422
10.1977 -12.891 -0.97509
10.1355 -14.1377 -0.176482
9.787 -15.0687 0.180417
9.6046 -15.4187 0.405968
9.52341 -15.5428 0.486773
9.3482 -15.726 0.605403
9.18502 -15.861 0.750823
8.94719 -16.0392 0.935572
8.58174 -16.3696 1.06587
8.10979 -16.7976 0.826284
7.32337 -17.3813 0.673521
7.03393 -17.5597 0.626916
6.77719 -17.6594 0.335673
6.23446 -17.8087 0.188258
5.86473 -17.8769 0.032473
5.81028 -17.8893 -0.0104367
5.4056 -17.9996 -0.252929
5.11535 -18.0645 -0.483824
4.76998 -18.1185 -0.880798
4.0931 -18.1705 -1.5634
3.41899 -18.1839 -1.97881
2.1625 -17.9792 -3.28478
2.06931 -17.9565 -3.39523
2.05876 -17.887 -3.56022
1.25829 -17.4163 -4.55147
1.05062 -16.7645 -5.43113
0.679545 -16.3491 -5.91016
0.60457 -16.211 -6.06796
0.549024 -16.0492 -6.24893
0.4998 -15.8555 -6.44711
0.652087 -15.1767 -7.01164
1.0161 -15.0351 -7.21567
1.08058 -16.0998 -6.20413
5.37179 -12.6779 -8.19881
8.94052 -15.9579 -1.65372
2.63421 -17.0526 -5.07103
1.4188 -15.3119 -7.01011
8.01085 -12.2902 -6.46064
4.20867 -14.6544 -7.51708
3.85656 -10.857 -9.0447
3.34972 -12.4482 -8.71611
5.7626 -11.141 -8.30145
7.76815 -17.0312 -0.633836
9.63139 -14.2495 -3.36863
9.14863 -15.8788 0.309822
9.71828 -14.9 -0.858731
2.7183 -17.8794 -3.4075
6.69445 -12.7828 -7.40435
8.68633 -11.8452 -5.76163
7.27725 -15.5686 -4.79375
2.93507 -16.0795 -6.3643
3.08804 -13.7476 -8.18434
2.73452 -14.9041 -7.42998
4.76409 -13.8018 -7.92785
6.06211 -17.8126 -0.550002
9.90044 -13.8497 -2.23479
9.27031 -15.0742 -2.83079
9.66072 -13.4775 -3.72397
8.11617 -14.5399 -5.19457
8.29662 -15.3594 -4.04683
5.58873 -17.3002 -3.7367
5.74754 -15.2857 -6.2188
5.85778 -13.6544 -7.5684
8.8628 -13.0972 -5.24432
7.6291 -13.7026 -6.29806
8.13551 -16.3413 -2.70127
9.13848 -14.3695 -4.15261
4.40254 -17.2081 -4.49678
4.26564 -17.9077 -2.68561
5.86252 -17.6355 -2.49267
6.48562 -16.5955 -4.15049
6.93278 -14.8793 -5.85708
5.30878 -14.5859 -7.1558
4.33214 -15.6151 -6.57886
7.49304 -16.145 -3.85419
3.89555 -16.6003 -5.65267
7.1955 -17.2256 -2.10135
5.50509 -16.7471 -4.66901
6.13653 -15.9249 -5.25062
6.29974 -17.1925 -3.43905
6.44628 -14.1865 -6.82055
5.00347 -16.345 -5.4749
6.98854 -16.9314 -3.18964
